400 0.0 1.0 -55.0
401 0.0 1.0 -55.0
402 0.0 1.0 -55.0
404 0.0 1.0 -55.0
405 0.0 1.0 -55.0
410 0.0 1.0 -55.0
411 0.0 1.0 -55.0
412 0.0 1.0 -55.0
413 0.0 1.0 -55.0
415 0.0 1.0 -55.0
418 0.0 1.0 -55.0
419 0.0 1.0 -55.0
421 0.0 1.0 -55.0
422 0.0 1.0 -55.0
424 0.0 1.0 -55.0
426 0.0 1.0 -55.0
429 0.0 1.0 -55.0
434 0.0 1.0 -55.0
436 0.0 1.0 -55.0
439 0.0 1.0 -55.0
440 0.0 1.0 -55.0
445 0.0 1.0 -55.0
451 0.0 1.0 -55.0
452 0.0 1.0 -55.0
453 0.0 1.0 -55.0
454 0.0 1.0 -55.0
458 0.0 1.0 -55.0
461 0.0 1.0 -55.0
462 0.0 1.0 -55.0
463 0.0 1.0 -55.0
466 0.0 1.0 -55.0
468 0.0 1.0 -55.0
467 0.0 1.0 -55.0
471 0.0 1.0 -55.0
473 0.0 1.0 -55.0
475 0.0 1.0 -55.0
477 0.0 1.0 -55.0
478 0.0 1.0 -55.0
479 0.0 1.0 -55.0
480 0.0 1.0 -55.0
482 0.0 1.0 -55.0
483 0.0 1.0 -55.0
484 0.0 1.0 -55.0
489 0.0 1.0 -55.0
491 0.0 1.0 -55.0
492 0.0 1.0 -55.0
493 0.0 1.0 -55.0
496 0.0 1.0 -55.0
506 0.0 1.0 -55.0
507 0.0 1.0 -55.0
508 0.0 1.0 -55.0
516 0.0 1.0 -55.0
517 0.0 1.0 -55.0
521 0.0 1.0 -55.0
522 0.0 1.0 -55.0
526 0.0 1.0 -55.0
527 0.0 1.0 -55.0
529 0.0 1.0 -55.0
533 0.0 1.0 -55.0
534 0.0 1.0 -55.0
535 0.0 1.0 -55.0
536 0.0 1.0 -55.0
540 0.0 1.0 -55.0
541 0.0 1.0 -55.0
542 0.0 1.0 -55.0
543 0.0 1.0 -55.0
545 0.0 1.0 -55.0
546 0.0 1.0 -55.0
547 0.0 1.0 -55.0
549 0.0 1.0 -55.0
550 0.0 1.0 -55.0
551 0.0 1.0 -55.0
554 0.0 1.0 -55.0
555 0.0 1.0 -55.0
558 0.0 1.0 -55.0
559 0.0 1.0 -55.0
560 0.0 1.0 -55.0
561 0.0 1.0 -55.0
562 0.0 1.0 -55.0
565 0.0 1.0 -55.0
566 0.0 1.0 -55.0
567 0.0 1.0 -55.0
575 0.0 1.0 -55.0
576 0.0 1.0 -55.0
579 0.0 1.0 -55.0
580 0.0 1.0 -55.0
581 0.0 1.0 -55.0
585 0.0 1.0 -55.0
587 0.0 1.0 -55.0
589 0.0 1.0 -55.0
600 0.0 1.0 -55.0
602 0.0 1.0 -55.0
603 0.0 1.0 -55.0
604 0.0 1.0 -55.0
605 0.0 1.0 -55.0